termo; fi1; fi2; fi3; fi4; tf1; tf2; tf3; tf4; idf; tfidf1; tfidf2; tfidf3; tfidf4; norma;
think; 0; 0; 1; 0; 0.000; 0.000; 1.000; 0.000; 2.000; 0.000; 0.000; 2.000; 0.000; 2.000;
be; 2; 2; 2; 2; 2.000; 2.000; 2.000; 2.000; 0.000; 0.000; 0.000; 0.000; 0.000; 0.000;
or; 0; 1; 0; 0; 0.000; 1.000; 0.000; 0.000; 2.000; 0.000; 2.000; 0.000; 0.000; 2.000;
i; 0; 2; 2; 0; 0.000; 2.000; 2.000; 0.000; 1.000; 0.000; 2.000; 2.000; 0.000; 2.828;
is; 2; 0; 0; 0; 2.000; 0.000; 0.000; 0.000; 2.000; 4.000; 0.000; 0.000; 0.000; 4.000;
do; 2; 0; 3; 3; 2.000; 0.000; 2.585; 2.585; 0.415; 0.830; 0.000; 1.073; 1.073; 1.729;
it; 0; 0; 0; 2; 0.000; 0.000; 0.000; 2.000; 2.000; 0.000; 0.000; 0.000; 4.000; 4.000;
am; 0; 2; 1; 0; 0.000; 2.000; 1.000; 0.000; 1.000; 0.000; 2.000; 1.000; 0.000; 2.236;
not; 0; 1; 0; 0; 0.000; 1.000; 0.000; 0.000; 2.000; 0.000; 2.000; 0.000; 0.000; 2.000;
what; 0; 1; 0; 0; 0.000; 1.000; 0.000; 0.000; 2.000; 0.000; 2.000; 0.000; 0.000; 2.000;
therefore; 0; 0; 1; 0; 0.000; 0.000; 1.000; 0.000; 2.000; 0.000; 0.000; 2.000; 0.000; 2.000;
let; 0; 0; 0; 2; 0.000; 0.000; 0.000; 2.000; 2.000; 0.000; 0.000; 0.000; 4.000; 4.000;
to; 4; 2; 0; 0; 3.000; 2.000; 0.000; 0.000; 1.000; 3.000; 2.000; 0.000; 0.000; 3.606;
da; 0; 0; 0; 3; 0.000; 0.000; 0.000; 2.585; 2.000; 0.000; 0.000; 0.000; 5.170; 5.170;
