termo; fi1; fi2; fi3; tf1; tf2; tf3; idf; tfidf1; tfidf2; tfidf3; normad1; normad2; normad3;
traz; 1; 0; 0; 1.000; 0.000; 0.000; 1.585; 1.585; 0.000; 0.000; 10.723; 11.691; 12.047;
gigante; 0; 0; 1; 0.000; 0.000; 1.000; 1.585; 0.000; 0.000; 1.585; 10.723; 11.691; 12.047;
heroico; 0; 0; 1; 0.000; 0.000; 1.000; 1.585; 0.000; 0.000; 1.585; 10.723; 11.691; 12.047;
outras; 0; 0; 1; 0.000; 0.000; 1.000; 1.585; 0.000; 0.000; 1.585; 10.723; 11.691; 12.047;
augusto; 1; 0; 0; 1.000; 0.000; 0.000; 1.585; 1.585; 0.000; 0.000; 10.723; 11.691; 12.047;
raios; 0; 0; 1; 0.000; 0.000; 1.000; 1.585; 0.000; 0.000; 1.585; 10.723; 11.691; 12.047;
pelo; 0; 2; 0; 0.000; 2.000; 0.000; 1.585; 0.000; 3.170; 0.000; 10.723; 11.691; 12.047;
espelha; 0; 0; 1; 0.000; 0.000; 1.000; 1.585; 0.000; 0.000; 1.585; 10.723; 11.691; 12.047;
plácidas; 0; 0; 1; 0.000; 0.000; 1.000; 1.585; 0.000; 0.000; 1.585; 10.723; 11.691; 12.047;
límpido; 0; 0; 1; 0.000; 0.000; 1.000; 1.585; 0.000; 0.000; 1.585; 10.723; 11.691; 12.047;
presença; 1; 0; 0; 1.000; 0.000; 0.000; 1.585; 1.585; 0.000; 0.000; 10.723; 11.691; 12.047;
resplandece; 0; 0; 1; 0.000; 0.000; 1.000; 1.585; 0.000; 0.000; 1.585; 10.723; 11.691; 12.047;
gente; 0; 2; 0; 0.000; 2.000; 0.000; 1.585; 0.000; 3.170; 0.000; 10.723; 11.691; 12.047;
cruzeiro; 1; 0; 1; 1.000; 0.000; 1.000; 0.585; 0.585; 0.000; 0.585; 10.723; 11.691; 12.047;
pela; 0; 0; 1; 0.000; 0.000; 1.000; 1.585; 0.000; 0.000; 1.585; 10.723; 11.691; 12.047;
grandeza; 1; 0; 1; 1.000; 0.000; 1.000; 0.585; 0.585; 0.000; 0.585; 10.723; 11.691; 12.047;
amor; 0; 0; 1; 0.000; 0.000; 1.000; 1.585; 0.000; 0.000; 1.585; 10.723; 11.691; 12.047;
contente; 0; 1; 0; 0.000; 1.000; 0.000; 1.585; 0.000; 1.585; 0.000; 10.723; 11.691; 12.047;
imagem; 0; 0; 1; 0.000; 0.000; 1.000; 1.585; 0.000; 0.000; 1.585; 10.723; 11.691; 12.047;
belo; 0; 0; 1; 0.000; 0.000; 1.000; 1.585; 0.000; 0.000; 1.585; 10.723; 11.691; 12.047;
forte; 0; 0; 2; 0.000; 0.000; 2.000; 1.585; 0.000; 0.000; 3.170; 10.723; 11.691; 12.047;
perfídia; 0; 1; 0; 0.000; 1.000; 0.000; 1.585; 0.000; 1.585; 0.000; 10.723; 11.691; 12.047;
ardil; 0; 1; 0; 0.000; 1.000; 0.000; 1.585; 0.000; 1.585; 0.000; 10.723; 11.691; 12.047;
fúlgidos; 0; 0; 1; 0.000; 0.000; 1.000; 1.585; 0.000; 0.000; 1.585; 10.723; 11.691; 12.047;
destas; 1; 0; 0; 1.000; 0.000; 0.000; 1.585; 1.585; 0.000; 0.000; 10.723; 11.691; 12.047;
juvenil; 2; 0; 0; 2.000; 0.000; 0.000; 1.585; 3.170; 0.000; 0.000; 10.723; 11.691; 12.047;
horizonte; 0; 1; 0; 0.000; 1.000; 0.000; 1.585; 0.000; 1.585; 0.000; 10.723; 11.691; 12.047;
desce; 0; 0; 1; 0.000; 0.000; 1.000; 1.585; 0.000; 0.000; 1.585; 10.723; 11.691; 12.047;
querido; 2; 0; 0; 2.000; 0.000; 0.000; 1.585; 3.170; 0.000; 0.000; 10.723; 11.691; 12.047;
deles; 0; 1; 0; 0.000; 1.000; 0.000; 1.585; 0.000; 1.585; 0.000; 10.723; 11.691; 12.047;
verdura; 1; 0; 0; 1.000; 0.000; 0.000; 1.585; 1.585; 0.000; 0.000; 10.723; 11.691; 12.047;
ouviram; 0; 0; 1; 0.000; 0.000; 1.000; 1.585; 0.000; 0.000; 1.585; 10.723; 11.691; 12.047;
longe; 0; 2; 0; 0.000; 2.000; 0.000; 1.585; 0.000; 3.170; 0.000; 10.723; 11.691; 12.047;
dessa; 0; 0; 1; 0.000; 0.000; 1.000; 1.585; 0.000; 0.000; 1.585; 10.723; 11.691; 12.047;
essa; 0; 0; 1; 0.000; 0.000; 1.000; 1.585; 0.000; 0.000; 1.585; 10.723; 11.691; 12.047;
formoso; 1; 0; 1; 1.000; 0.000; 1.000; 0.585; 0.585; 0.000; 0.585; 10.723; 11.691; 12.047;
conseguimos; 0; 0; 1; 0.000; 0.000; 1.000; 1.585; 0.000; 0.000; 1.585; 10.723; 11.691; 12.047;
colosso; 0; 0; 1; 0.000; 0.000; 1.000; 1.585; 0.000; 0.000; 1.585; 10.723; 11.691; 12.047;
encerra; 2; 0; 0; 2.000; 0.000; 0.000; 1.585; 3.170; 0.000; 0.000; 10.723; 11.691; 12.047;
brilhou; 0; 0; 1; 0.000; 0.000; 1.000; 1.585; 0.000; 0.000; 1.585; 10.723; 11.691; 12.047;
idolatrada; 0; 0; 1; 0.000; 0.000; 1.000; 1.585; 0.000; 0.000; 1.585; 10.723; 11.691; 12.047;
temor; 0; 2; 0; 0.000; 2.000; 0.000; 1.585; 0.000; 3.170; 0.000; 10.723; 11.691; 12.047;
penhor; 0; 0; 1; 0.000; 0.000; 1.000; 1.585; 0.000; 0.000; 1.585; 10.723; 11.691; 12.047;
futuro; 0; 0; 1; 0.000; 0.000; 1.000; 1.585; 0.000; 0.000; 1.585; 10.723; 11.691; 12.047;
risonho; 0; 0; 1; 0.000; 0.000; 1.000; 1.585; 0.000; 0.000; 1.585; 10.723; 11.691; 12.047;
amada; 2; 0; 3; 2.000; 0.000; 2.585; 0.585; 1.170; 0.000; 1.512; 10.723; 11.691; 12.047;
intenso; 0; 0; 1; 0.000; 0.000; 1.000; 1.585; 0.000; 0.000; 1.585; 10.723; 11.691; 12.047;
terra; 4; 0; 2; 3.000; 0.000; 2.000; 0.585; 1.755; 0.000; 1.170; 10.723; 11.691; 12.047;
podeis; 0; 1; 0; 0.000; 1.000; 0.000; 1.585; 0.000; 1.585; 0.000; 10.723; 11.691; 12.047;
margens; 0; 0; 1; 0.000; 0.000; 1.000; 1.585; 0.000; 0.000; 1.585; 10.723; 11.691; 12.047;
impávido; 0; 0; 1; 0.000; 0.000; 1.000; 1.585; 0.000; 0.000; 1.585; 10.723; 11.691; 12.047;
brasil; 2; 4; 3; 2.000; 3.000; 2.585; 0.000; 0.000; 0.000; 0.000; 10.723; 11.691; 12.047;
mais; 0; 1; 0; 0.000; 1.000; 0.000; 1.585; 0.000; 1.585; 0.000; 10.723; 11.691; 12.047;
zombou; 0; 1; 0; 0.000; 1.000; 0.000; 1.585; 0.000; 1.585; 0.000; 10.723; 11.691; 12.047;
salve; 2; 0; 2; 2.000; 0.000; 2.000; 0.585; 1.170; 0.000; 1.170; 10.723; 11.691; 12.047;
houve; 0; 1; 0; 0.000; 1.000; 0.000; 1.585; 0.000; 1.585; 0.000; 10.723; 11.691; 12.047;
sonho; 0; 0; 1; 0.000; 0.000; 1.000; 1.585; 0.000; 0.000; 1.585; 10.723; 11.691; 12.047;
pendăo; 1; 0; 0; 1.000; 0.000; 0.000; 1.585; 1.585; 0.000; 0.000; 10.723; 11.691; 12.047;
retratas; 1; 0; 0; 1.000; 0.000; 0.000; 1.585; 1.585; 0.000; 0.000; 10.723; 11.691; 12.047;
liberdade; 0; 1; 2; 0.000; 1.000; 2.000; 0.585; 0.000; 0.585; 1.170; 10.723; 11.691; 12.047;
natureza; 0; 0; 1; 0.000; 0.000; 1.000; 1.585; 0.000; 0.000; 1.585; 10.723; 11.691; 12.047;
própria; 0; 0; 2; 0.000; 0.000; 2.000; 1.585; 0.000; 0.000; 3.170; 10.723; 11.691; 12.047;
entre; 0; 0; 1; 0.000; 0.000; 1.000; 1.585; 0.000; 0.000; 1.585; 10.723; 11.691; 12.047;
recebe; 2; 0; 0; 2.000; 0.000; 0.000; 1.585; 3.170; 0.000; 0.000; 10.723; 11.691; 12.047;
raio; 0; 0; 1; 0.000; 0.000; 1.000; 1.585; 0.000; 0.000; 1.585; 10.723; 11.691; 12.047;
braço; 0; 0; 1; 0.000; 0.000; 1.000; 1.585; 0.000; 0.000; 1.585; 10.723; 11.691; 12.047;
adorada; 0; 0; 1; 0.000; 0.000; 1.000; 1.585; 0.000; 0.000; 1.585; 10.723; 11.691; 12.047;
vívido; 0; 0; 1; 0.000; 0.000; 1.000; 1.585; 0.000; 0.000; 1.585; 10.723; 11.691; 12.047;
filhos; 0; 1; 1; 0.000; 1.000; 1.000; 0.585; 0.000; 0.585; 0.585; 10.723; 11.691; 12.047;
livre; 0; 2; 0; 0.000; 2.000; 0.000; 1.585; 0.000; 3.170; 0.000; 10.723; 11.691; 12.047;
pátria; 1; 3; 4; 1.000; 2.585; 3.000; 0.000; 0.000; 0.000; 0.000; 10.723; 11.691; 12.047;
este; 1; 0; 0; 1.000; 0.000; 0.000; 1.585; 1.585; 0.000; 0.000; 10.723; 11.691; 12.047;
instante; 0; 0; 1; 0.000; 0.000; 1.000; 1.585; 0.000; 0.000; 1.585; 10.723; 11.691; 12.047;
deste; 0; 0; 1; 0.000; 0.000; 1.000; 1.585; 0.000; 0.000; 1.585; 10.723; 11.691; 12.047;
morte; 0; 0; 1; 0.000; 0.000; 1.000; 1.585; 0.000; 0.000; 1.585; 10.723; 11.691; 12.047;
servil; 0; 2; 0; 0.000; 2.000; 0.000; 1.585; 0.000; 3.170; 0.000; 10.723; 11.691; 12.047;
puríssimo; 1; 0; 0; 1.000; 0.000; 0.000; 1.585; 1.585; 0.000; 0.000; 10.723; 11.691; 12.047;
azul; 1; 0; 0; 1.000; 0.000; 0.000; 1.585; 1.585; 0.000; 0.000; 10.723; 11.691; 12.047;
matas; 1; 0; 0; 1.000; 0.000; 0.000; 1.585; 1.585; 0.000; 0.000; 10.723; 11.691; 12.047;
lembrança; 1; 0; 0; 1.000; 0.000; 0.000; 1.585; 1.585; 0.000; 0.000; 10.723; 11.691; 12.047;
gentil; 0; 1; 1; 0.000; 1.000; 1.000; 0.585; 0.000; 0.585; 0.585; 10.723; 11.691; 12.047;
desafia; 0; 0; 1; 0.000; 0.000; 1.000; 1.585; 0.000; 0.000; 1.585; 10.723; 11.691; 12.047;
brado; 0; 0; 1; 0.000; 0.000; 1.000; 1.585; 0.000; 0.000; 1.585; 10.723; 11.691; 12.047;
igualdade; 0; 0; 1; 0.000; 0.000; 1.000; 1.585; 0.000; 0.000; 1.585; 10.723; 11.691; 12.047;
poderosa; 0; 1; 0; 0.000; 1.000; 0.000; 1.585; 0.000; 1.585; 0.000; 10.723; 11.691; 12.047;
povo; 0; 0; 1; 0.000; 0.000; 1.000; 1.585; 0.000; 0.000; 1.585; 10.723; 11.691; 12.047;
seio; 1; 0; 1; 1.000; 0.000; 1.000; 0.585; 0.585; 0.000; 0.585; 10.723; 11.691; 12.047;
conquistar; 0; 0; 1; 0.000; 0.000; 1.000; 1.585; 0.000; 0.000; 1.585; 10.723; 11.691; 12.047;
nesse; 0; 0; 1; 0.000; 0.000; 1.000; 1.585; 0.000; 0.000; 1.585; 10.723; 11.691; 12.047;
peito; 2; 0; 1; 2.000; 0.000; 1.000; 0.585; 1.170; 0.000; 0.585; 10.723; 11.691; 12.047;
grilhőes; 0; 1; 0; 0.000; 1.000; 0.000; 1.585; 0.000; 1.585; 0.000; 10.723; 11.691; 12.047;
esperança; 1; 0; 1; 1.000; 0.000; 1.000; 0.585; 0.585; 0.000; 0.585; 10.723; 11.691; 12.047;
brasileira; 0; 2; 0; 0.000; 2.000; 0.000; 1.585; 0.000; 3.170; 0.000; 10.723; 11.691; 12.047;
afeto; 2; 0; 0; 2.000; 0.000; 0.000; 1.585; 3.170; 0.000; 0.000; 10.723; 11.691; 12.047;
morrer; 0; 2; 0; 0.000; 2.000; 0.000; 1.585; 0.000; 3.170; 0.000; 10.723; 11.691; 12.047;
ipiranga; 0; 0; 1; 0.000; 0.000; 1.000; 1.585; 0.000; 0.000; 1.585; 10.723; 11.691; 12.047;
símbolo; 3; 0; 0; 2.585; 0.000; 0.000; 1.585; 4.097; 0.000; 0.000; 10.723; 11.691; 12.047;
brava; 0; 2; 0; 0.000; 2.000; 0.000; 1.585; 0.000; 3.170; 0.000; 10.723; 11.691; 12.047;
solo; 0; 0; 1; 0.000; 0.000; 1.000; 1.585; 0.000; 0.000; 1.585; 10.723; 11.691; 12.047;
nosso; 2; 0; 1; 2.000; 0.000; 1.000; 0.585; 1.170; 0.000; 0.585; 10.723; 11.691; 12.047;
retumbante; 0; 0; 1; 0.000; 0.000; 1.000; 1.585; 0.000; 0.000; 1.585; 10.723; 11.691; 12.047;
raiou; 0; 1; 0; 0.000; 1.000; 0.000; 1.585; 0.000; 1.585; 0.000; 10.723; 11.691; 12.047;
nobre; 1; 0; 0; 1.000; 0.000; 0.000; 1.585; 1.585; 0.000; 0.000; 10.723; 11.691; 12.047;
forjava; 0; 1; 0; 0.000; 1.000; 0.000; 1.585; 0.000; 1.585; 0.000; 10.723; 11.691; 12.047;
esplendor; 1; 0; 0; 1.000; 0.000; 0.000; 1.585; 1.585; 0.000; 0.000; 10.723; 11.691; 12.047;
lindo; 1; 0; 0; 1.000; 0.000; 0.000; 1.585; 1.585; 0.000; 0.000; 10.723; 11.691; 12.047;
ficar; 0; 2; 0; 0.000; 2.000; 0.000; 1.585; 0.000; 3.170; 0.000; 10.723; 11.691; 12.047;
astuto; 0; 1; 0; 0.000; 1.000; 0.000; 1.585; 0.000; 1.585; 0.000; 10.723; 11.691; 12.047;
